mae: 382.948151
rmse: 608.443420
rel_mae: 0.400506
rel_rmse: 0.699294
max_ae: 2712.066406